3 0.2796875 0.4328125 0.178125 0.115625
3 0.615625 0.625 0.134375 0.115625
3 0.7359375 0.25625 0.1609375 0.165625
3 0.378125 0.61875 0.1296875 0.1125
3 0.6125 0.346875 0.1359375 0.1328125
3 0.740625 0.4046875 0.1640625 0.1421875
3 0.2109375 0.31875 0.175 0.1328125
3 0.5890625 0.7078125 0.1375 0.0828125
3 0.3375 0.25625 0.18125 0.146875
3 0.4171875 0.4734375 0.1609375 0.1171875
3 0.2125 0.5125 0.1609375 0.078125
3 0.4515625 0.3484375 0.1921875 0.125
3 0.4734375 0.6609375 0.1265625 0.096875
3 0.5015625 0.5234375 0.146875 0.078125
3 0.5953125 0.446875 0.178125 0.109375
3 0.796875 0.4671875 0.175 0.0859375
1 0.5015625 0.4609375 0.765625 0.58125