3 0.2890625 0.303125 0.165625 0.1484375
3 0.153125 0.13125 0.215625 0.16875
3 0.8703125 0.41875 0.153125 0.1328125
3 0.2671875 0.6375 0.1390625 0.0921875
3 0.696875 0.421875 0.14375 0.1328125
3 0.359375 0.159375 0.2046875 0.1390625
3 0.584375 0.6078125 0.1484375 0.0875
3 0.565625 0.3890625 0.1296875 0.13125
3 0.234375 0.559375 0.1578125 0.0828125
3 0.678125 0.29375 0.2078125 0.1265625
3 0.4359375 0.740625 0.1375 0.0890625
3 0.3953125 0.38125 0.11875 0.128125
3 0.55625 0.1859375 0.1890625 0.1921875
3 0.565625 0.6828125 0.1375 0.084375
3 0.89375 0.20625 0.2125 0.1328125
3 0.4625 0.296875 0.165625 0.128125