3 0.2234375 0.3125 0.171875 0.1359375
3 0.2890625 0.4421875 0.175 0.1171875
3 0.615625 0.625 0.134375 0.115625
3 0.7703125 0.6703125 0.125 0.115625
3 0.2125 0.5125 0.1609375 0.0796875
3 0.328125 0.80625 0.1453125 0.09375
3 0.471875 0.6578125 0.1265625 0.096875
3 0.3765625 0.6171875 0.134375 0.1109375
3 0.28125 0.6703125 0.1296875 0.109375
3 0.48125 0.753125 0.1359375 0.1078125
3 0.24375 0.740625 0.1015625 0.0921875
3 0.375 0.7265625 0.128125 0.0984375
3 0.7546875 0.7453125 0.1390625 0.0890625
3 0.615625 0.7765625 0.11875 0.071875
3 0.5890625 0.7078125 0.1328125 0.084375
1 0.5125 0.70625 0.6421875 0.2921875