3 0.225 0.3046875 0.1796875 0.13125
3 0.621875 0.7734375 0.1265625 0.0765625
3 0.7296875 0.51875 0.121875 0.103125
3 0.221875 0.503125 0.115625 0.096875
3 0.853125 0.53125 0.140625 0.115625
3 0.6015625 0.5203125 0.1359375 0.1125
3 0.346875 0.5125 0.140625 0.1109375
3 0.475 0.5125 0.1203125 0.1125
3 0.471875 0.6609375 0.1265625 0.096875
3 0.328125 0.80625 0.1453125 0.09375
3 0.49375 0.765625 0.0984375 0.0890625
3 0.3765625 0.61875 0.1359375 0.109375
3 0.2796875 0.6703125 0.128125 0.109375
3 0.375 0.7265625 0.1296875 0.0984375
3 0.24375 0.7421875 0.1015625 0.09375