3 0.7765625 0.6875 0.171875 0.134375
3 0.2296875 0.3296875 0.125 0.115625
3 0.384375 0.375 0.134375 0.115625
3 0.7109375 0.5578125 0.175 0.1171875
3 0.384375 0.2234375 0.11875 0.071875
3 0.528125 0.340625 0.1265625 0.096875
3 0.409375 0.2921875 0.13125 0.084375
3 0.6234375 0.3828125 0.134375 0.1109375
3 0.7875 0.4859375 0.1609375 0.0796875
3 0.671875 0.19375 0.1453125 0.09375
3 0.7546875 0.259375 0.103125 0.09375
3 0.71875 0.3296875 0.1296875 0.109375
3 0.51875 0.246875 0.1359375 0.1046875
3 0.2453125 0.2546875 0.1390625 0.0875
3 0.625 0.2734375 0.128125 0.1
3 0.49375 0.215625 0.0734375 0.05
1 0.4875 0.2921875 0.64375 0.29375