3 0.5265625 0.3390625 0.125 0.0984375
3 0.621875 0.3796875 0.1296875 0.1140625
3 0.6609375 0.74375 0.1828125 0.1453125
3 0.3875 0.653125 0.1359375 0.1328125
3 0.384375 0.375 0.134375 0.115625
3 0.7203125 0.5671875 0.178125 0.115625
3 0.2640625 0.7421875 0.159375 0.165625
3 0.7890625 0.68125 0.175 0.1328125
3 0.4109375 0.290625 0.1375 0.0828125
3 0.259375 0.5953125 0.1640625 0.1421875
3 0.5828125 0.5265625 0.1609375 0.11875
3 0.4046875 0.553125 0.178125 0.1078125
3 0.5484375 0.6515625 0.1921875 0.125
3 0.4984375 0.4765625 0.146875 0.0796875
3 0.7875 0.4859375 0.1609375 0.0796875
3 0.203125 0.5328125 0.175 0.0859375