3 0.50625 0.234375 0.0984375 0.090625
3 0.146875 0.46875 0.1390625 0.115625
3 0.775 0.6953125 0.1796875 0.13125
3 0.26875 0.48125 0.121875 0.103125
3 0.653125 0.4875 0.140625 0.1109375
3 0.3984375 0.4796875 0.1359375 0.1125
3 0.528125 0.3390625 0.1265625 0.096875
3 0.378125 0.2265625 0.125 0.0765625
3 0.6234375 0.38125 0.1359375 0.109375
3 0.525 0.4875 0.1203125 0.1125
3 0.778125 0.496875 0.1171875 0.096875
3 0.671875 0.19375 0.1453125 0.0953125
3 0.7203125 0.3296875 0.1296875 0.109375
3 0.7546875 0.2578125 0.103125 0.09375
3 0.625 0.2734375 0.1296875 0.1