3 0.50625 0.234375 0.0984375 0.0890625
3 0.75625 0.259375 0.103125 0.0984375
3 0.6296875 0.2765625 0.134375 0.0984375
3 0.3609375 0.384375 0.1171875 0.0921875
3 0.1453125 0.46875 0.1375 0.1140625
3 0.378125 0.2265625 0.125 0.0765625
3 0.7265625 0.4046875 0.1265625 0.0984375
3 0.7796875 0.4984375 0.11875 0.0953125
3 0.6546875 0.4890625 0.1421875 0.1109375
3 0.671875 0.19375 0.1453125 0.09375
3 0.2703125 0.48125 0.121875 0.103125
3 0.2359375 0.3890625 0.1296875 0.0921875
3 0.6015625 0.3921875 0.128125 0.09375
3 0.5265625 0.4890625 0.1203125 0.1125
3 0.4765625 0.3953125 0.1203125 0.0953125
3 0.3984375 0.4796875 0.1359375 0.1125
1 0.4578125 0.4421875 0.765625 0.209375