3 0.7109375 0.696875 0.165625 0.1484375
3 0.5640625 0.259375 0.1375 0.090625
3 0.6046875 0.6171875 0.11875 0.128125
3 0.44375 0.8125 0.190625 0.190625
3 0.1296875 0.58125 0.153125 0.13125
3 0.765625 0.440625 0.1578125 0.0828125
3 0.415625 0.3921875 0.1484375 0.0859375
3 0.321875 0.7046875 0.2078125 0.1265625
3 0.7328125 0.3625 0.1390625 0.09375
3 0.434375 0.6109375 0.1296875 0.13125
3 0.640625 0.8390625 0.2046875 0.1375
3 0.434375 0.3171875 0.1375 0.084375
3 0.8453125 0.86875 0.215625 0.16875
3 0.5375 0.7015625 0.165625 0.128125
3 0.303125 0.578125 0.14375 0.1328125
3 0.10625 0.79375 0.2125 0.1328125