3 0.53125 0.6859375 0.18125 0.109375
3 0.78125 0.4984375 0.1171875 0.0953125
3 0.5265625 0.4953125 0.1203125 0.1
3 0.4 0.484375 0.1359375 0.1015625
3 0.271875 0.4921875 0.1203125 0.0796875
3 0.4140625 0.396875 0.125 0.09375
3 0.69375 0.40625 0.146875 0.1203125
3 0.26875 0.4046875 0.1703125 0.1203125
3 0.65625 0.490625 0.140625 0.1078125
3 0.6 0.3921875 0.0890625 0.09375
3 0.3578125 0.3625 0.08125 0.046875
3 0.14375 0.46875 0.1359375 0.1140625
3 0.5421875 0.4078125 0.13125 0.090625
3 0.7609375 0.4046875 0.0578125 0.09375
3 0.2109375 0.3796875 0.0828125 0.075
3 0.48125 0.3953125 0.0765625 0.096875
1 0.459375 0.4421875 0.765625 0.209375