3 0.7796875 0.5015625 0.1171875 0.0953125
3 0.5265625 0.5109375 0.1203125 0.1125
3 0.6015625 0.6078125 0.128125 0.09375
3 0.3984375 0.5203125 0.1375 0.1125
3 0.378125 0.7734375 0.125 0.0765625
3 0.6546875 0.5109375 0.1421875 0.109375
3 0.2359375 0.6109375 0.1296875 0.0921875
3 0.478125 0.603125 0.1203125 0.0953125
3 0.7265625 0.59375 0.1265625 0.0984375
3 0.3609375 0.6140625 0.115625 0.0921875
3 0.2703125 0.51875 0.121875 0.103125
3 0.50625 0.765625 0.0984375 0.0890625
3 0.1453125 0.53125 0.1390625 0.1140625
3 0.671875 0.8046875 0.146875 0.0921875
3 0.75625 0.7390625 0.103125 0.0984375
3 0.6296875 0.7234375 0.134375 0.0984375
1 0.459375 0.65 0.7640625 0.3984375