3 0.846875 0.13125 0.215625 0.16875
3 0.7109375 0.3015625 0.165625 0.1484375
3 0.303125 0.421875 0.1421875 0.1328125
3 0.6046875 0.38125 0.11875 0.128125
3 0.5640625 0.740625 0.1375 0.0890625
3 0.1296875 0.41875 0.153125 0.13125
3 0.415625 0.6078125 0.1484375 0.0875
3 0.640625 0.159375 0.2046875 0.1390625
3 0.321875 0.29375 0.2078125 0.1265625
3 0.44375 0.1859375 0.1890625 0.1921875
3 0.5375 0.296875 0.165625 0.128125
3 0.7328125 0.6375 0.1390625 0.09375
3 0.434375 0.3875 0.128125 0.13125
3 0.765625 0.559375 0.1578125 0.0828125
3 0.434375 0.6828125 0.1375 0.084375
3 0.10625 0.2046875 0.2125 0.1328125