3 0.775 0.3046875 0.1796875 0.13125
3 0.3984375 0.5203125 0.1375 0.1125
3 0.26875 0.51875 0.121875 0.1046875
3 0.778125 0.503125 0.115625 0.096875
3 0.378125 0.7734375 0.125 0.0765625
3 0.525 0.5125 0.1203125 0.1125
3 0.1453125 0.53125 0.1390625 0.115625
3 0.653125 0.5125 0.140625 0.1109375
3 0.7203125 0.6703125 0.1296875 0.109375
3 0.50625 0.765625 0.0984375 0.090625
3 0.6234375 0.61875 0.1359375 0.109375
3 0.528125 0.659375 0.1265625 0.096875
3 0.671875 0.80625 0.1453125 0.09375
3 0.75625 0.7421875 0.1015625 0.09375
3 0.625 0.7265625 0.1296875 0.1
1 0.45625 0.653125 0.759375 0.4