3 0.740625 0.2546875 0.09375 0.103125
3 0.53125 0.8546875 0.1140625 0.1375
3 0.59375 0.30625 0.11875 0.1453125
3 0.5015625 0.21875 0.096875 0.1171875
3 0.515625 0.6 0.1015625 0.1375
3 0.509375 0.34375 0.1078125 0.140625
3 0.5046875 0.471875 0.0984375 0.11875
3 0.5078125 0.728125 0.0796875 0.121875
3 0.5953125 0.7328125 0.1203125 0.171875
3 0.5921875 0.4578125 0.090625 0.13125
3 0.603125 0.5859375 0.0953125 0.125
3 0.596875 0.2390625 0.090625 0.0578125
3 0.6078125 0.4 0.0953125 0.0875
1 0.55625 0.540625 0.2078125 0.765625