3 0.6375 0.2671875 0.09375 0.1390625
3 0.740625 0.4359375 0.0890625 0.1375
3 0.559375 0.234375 0.0828125 0.1578125
3 0.13125 0.1546875 0.1671875 0.215625
3 0.38125 0.39375 0.128125 0.11875
3 0.6078125 0.584375 0.0859375 0.1484375
3 0.159375 0.359375 0.1375 0.2046875
3 0.421875 0.696875 0.1328125 0.14375
3 0.2953125 0.678125 0.125 0.2078125
3 0.41875 0.8703125 0.13125 0.153125
3 0.6828125 0.565625 0.084375 0.1375
3 0.1875 0.55625 0.190625 0.1890625
3 0.303125 0.2875 0.1484375 0.165625
3 0.20625 0.8921875 0.13125 0.2140625
3 0.296875 0.4625 0.128125 0.1671875
3 0.3875 0.5640625 0.13125 0.1296875