3 0.3125 0.2234375 0.134375 0.1734375
3 0.4421875 0.2890625 0.1171875 0.175
3 0.80625 0.328125 0.09375 0.1453125
3 0.6171875 0.3765625 0.1109375 0.1359375
3 0.625 0.615625 0.1140625 0.134375
3 0.6703125 0.28125 0.1078125 0.1296875
3 0.5125 0.2125 0.0796875 0.1625
3 0.6703125 0.7703125 0.115625 0.1265625
3 0.659375 0.471875 0.096875 0.128125
3 0.7765625 0.615625 0.071875 0.1203125
3 0.725 0.3734375 0.0984375 0.128125
3 0.753125 0.48125 0.10625 0.1359375
3 0.7421875 0.24375 0.09375 0.1015625
3 0.7078125 0.590625 0.0828125 0.13125
3 0.74375 0.7546875 0.0875 0.140625
1 0.70625 0.5125 0.2921875 0.6453125