3 0.25625 0.2578125 0.103125 0.09375
3 0.21875 0.496875 0.1171875 0.096875
3 0.6 0.484375 0.1359375 0.103125
3 0.34375 0.490625 0.140625 0.1078125
3 0.728125 0.4921875 0.1203125 0.08125
3 0.8546875 0.46875 0.1375 0.1140625
3 0.4734375 0.4953125 0.1203125 0.0984375
3 0.5859375 0.396875 0.125 0.09375
3 0.30625 0.40625 0.1453125 0.11875
3 0.7328125 0.4046875 0.1703125 0.1203125
3 0.4 0.3921875 0.0890625 0.09375
3 0.4578125 0.4078125 0.13125 0.0890625
3 0.7890625 0.3796875 0.08125 0.0765625
3 0.2375 0.403125 0.0546875 0.09375
3 0.51875 0.3953125 0.078125 0.096875
3 0.640625 0.3625 0.08125 0.046875
1 0.5421875 0.4421875 0.765625 0.209375