3 0.225 0.6953125 0.178125 0.13125
3 0.221875 0.496875 0.1171875 0.096875
3 0.853125 0.46875 0.140625 0.115625
3 0.346875 0.4875 0.140625 0.1109375
3 0.49375 0.234375 0.0984375 0.090625
3 0.621875 0.2265625 0.1265625 0.0765625
3 0.73125 0.4796875 0.121875 0.1046875
3 0.471875 0.3390625 0.1265625 0.096875
3 0.2796875 0.3296875 0.1296875 0.109375
3 0.3765625 0.38125 0.1359375 0.109375
3 0.328125 0.19375 0.1453125 0.0953125
3 0.24375 0.2578125 0.1015625 0.09375
3 0.475 0.4875 0.1203125 0.1125
3 0.6015625 0.4796875 0.1375 0.1140625
3 0.375 0.2734375 0.1296875 0.1