3 0.3703125 0.2765625 0.134375 0.0984375
3 0.49375 0.234375 0.0984375 0.090625
3 0.3453125 0.4890625 0.140625 0.1109375
3 0.24375 0.2609375 0.1015625 0.0984375
3 0.7625 0.3890625 0.1296875 0.0921875
3 0.2734375 0.4046875 0.1265625 0.0984375
3 0.8546875 0.46875 0.1390625 0.1140625
3 0.621875 0.2265625 0.1265625 0.0765625
3 0.328125 0.1953125 0.1453125 0.09375
3 0.6390625 0.384375 0.1171875 0.0921875
3 0.521875 0.3953125 0.1203125 0.0953125
3 0.6015625 0.4796875 0.1375 0.1125
3 0.7296875 0.48125 0.121875 0.103125
3 0.3984375 0.3921875 0.1265625 0.09375
3 0.4734375 0.4890625 0.1203125 0.1125
3 0.2203125 0.4984375 0.1171875 0.096875
1 0.5421875 0.440625 0.765625 0.2109375